0301:01001800   00     00     01110  0 0   1440            00   0     0     0     0012111000000000000      0111111111      0800   0     1110000000      0
0301:0200150000 00     150000 21110  0 0   2628000         1365 2000  10000 0     0111111001110000000      0111111111      150000 0     0100000000      1
0301:0201150000 00     150000 21110  0 0   525600          1365 2000  10000 0     0111111001110000000      0111111111      150000 0     0000000000      1
0301:0202150000 00     00     21110  0 0   1051200         1730 0     0     0     0101100001110000000      0111111111      150000 0     0000000000      0
0301:03002100   00     1100   21110  0 0   2628000         1365 20    10000 0     0111111001110000000      0111111111      150000 0     0100000000      0
0301:050000     00     00     20000  0 0   525600          0730 0     0     0     0110100000000000000      0111111111      10     0     0000000000      0
0301:050100     00     00     20000  0 0   525600          0730 0     0     0     0110100100000000000      0111111111      10     0     0000000000      0
0301:0600150000 00     00     21100  0 0   525600          00   0     0     0     0110111000000000000      0111111101      10     0     0000000000      0
0301:0601150000 00     00     21100  0 0   525600          00   0     0     0     0111111000000000000      0111111101      10     0     0000000000      0
0301:0602150000 00     00     21100  0 0   525600          00   0     0     0     0100100000000000000      0111111101      10     0     0000000000      0
0301:0700150000 00     150000 21110  0 0   2628000         1365 2000  10000 0     0111111001110000000      0111111111      150000 0     0100000000      0
0301:0800150000 00     150000 21110  0 0   2628000         1365 2000  10000 0     0111111000100000000      0111111111      150000 0     0100000000      0
CRC:a45fdfdc